% Problem 1
A = [0 1 5 3 4 5 7 9 10]
(2/3) * A - 4
